1395
570
870
1050
1200
765
1125
1440
1740
975
1005
735
960
405
675
1200
1380
840
705
1380
975
1005
840
1065
1620
1260
885
810
555
1095
645
1020
885
1425
1020
1500
840
675
1410
855
690
1035
1470
1170
840
1275
1545
1590
1140
825
930
570
1590
1230
1290
1185
660
1815
630
1215
720
990
1260
975
735
1215
1080
690
1020
1005
1590
570
1035
1410
945
780
555
1080
900
1335
885
1065
1155
1365
1200
1215
1185
1395
1020
750
735
735
930
1320
705
1095
840
690
975
870
990
960
510
870
705
615
1125
960
945
945
1095
690
945
375
870
1155
2520
660
840
795
1530
795
1080
1650
510
375
855
765
945
840
825
885
1035
1455
600
615
1290
885
795
1170
1395
2085
960
1155
1035
675
705
705
1125
570
945
705
1125
1080
1095
930
555
1785
1215
1725
960
1095
720
1320
1020
1110
1170
525
1950
735
810
720
750
1140
1290
735
870
570
1005
2085
960
840
420
1050
1755
480
780
1350
750
495
1110
1500
1500
315
735
1155
885
930
810
1365
975
720
1140
705
1605
645
1410
1215
1080
750
1230
585
810
630
1215
645
900
540
825
1155
1380
1005
825
855
990
1170
765
885
795
465
705
975
390
1020
1560
795
960
390
1905
975
1065
1050
1170
720
1320
1560
1170
1305
570
750
1785
495
1005
1320
555
1065
1140
1380
1395
555
315
1575
1185
1035
555
1515
1050
1740
630
585
1545
2040
765
1125
795
1215
690
1305
645
735
1200
1635
1290
1035
810
1230
615
780
630
1020
885
735
1155
840
750
930
1410
660
375
870
735
360
945
735
1050
1035
915
780
795
375
960
900
780
945
900
675
930
1335
1395
1245
1125
990
645
1080
1380
1170
705
1065
1065
1125
1260
1290
855
945
255
870
480
1110
1170
1410
1080
1185
1245
1035
1095
1140
705
855
900
1350
1635
1125
1650
765
615
795
585
810
1170
1260
585
1110
990
1080
1305
990
1200
1080
330
870
1110
975
255
495
1545
885
1290
1260
885
480
1095
930
930
480
675
1065
825
1110
1080
1200
1440
1365
1335
990
690
1140
1020
750
1125
675
765
900
735
765
1020
705
720
1410
2205
1335
1350
1065
705
555
750
1140
1425
870
990
465
375
825
1065
780
885
960
735
1425
645
345
690
840
1035
930
975
885
675
780
945
990
795
1980
690
1155
495
585
570
1230
1140
1350
720
870
1050
615
630
960
1335
480
660
720
1230
1080
1035
810
1770
420
1425
1005
465
1020
585
1065
855
1515
615
765
1035
615
975
1140
600
870
1020
1575
390
1335
780
465
1155
780
1080
900
615
945
1170
1110
1470
990
1200
915
1860
990
1920
690
960
930
720
1575
1080
810
990
750
1050
1095
1065
930
1050
1095
1035
1080
1635
900
960
810
630
1470
945
915
900
795
1215
900
1095
1320
735
690
780
915
1260
960
570
810
1140
1095
1110
690
1020
780
1440
1080
1230
975
690
1200
675
690
825
1365
585
720
1080
1425
840
735
1170
555
1110
1275
480
495
1125
795
1320
690
825
780
1170
1005
840
1605
1830
1650
1080
1395
1890
660
855
1365
720
1005
1095
1080
1050
900
1470
2355
1275
810
1545
870
1005
900
510
750
735
675
420
555
2445
780
1110
915
765
360
1350
1530
915
1215
1110
1275
645
1035
990
930
1035
480
840
1200
1050
1035
1110
1125
1245
630
1140
1095
1440
705
1065
1740
1215
585
990
840
780
780
1125
900
1545
1395
390
825
810
750
1155
1455
960
855
1020
600
1755
825
1845
1200
720
930
1185
1215
1125
1080
1215
1200
705
1770
1095
1215
870
885
675
1020
960
855
750
1725
1215
1860
1200
1050
390
600
1065
1050
1365
825
540
1005
525
450
1035
300
1275
885
795
1020
870
1005
1560
1410
1155
615
1515
840
645
1485
840
405
420
1215
945
1740
765
855
1305
975
975
825
900
1155
900
855
900
645
1380
1065
510
750
1110
1260
420
1545
705
840
1095
1335
915
795
1515
1140
510
735
1305
915
930
675
1065
855
780
540
1065
675
375
795
975
780
600
885
690
525
555
1020
1185
1005
1515
1005
570
825
1575
1110
1335
990
735
1035
1590
1530
1110
1560
885
1080
1125
1035
660
1020
1065
1125
570
1155
840
1635
1155
315
420
780
885
1530
840
990
825
975
1215
900
915
855
525
1110
1230
1290
855
420
615
1005
1155
975
1035
1260
585
660
1890
1035
510
1110
1575
525
1515
930
1200
495
300
1425
1215
1110
645
705
1260
780
1305
990
690
1260
1140
795
840
945
1080
540
495
780
915
1500
1020
825
1050
1410
915
480
1200
1005
750
255
1065
930
915
930
840
1275
735
615
1320
1425
825
570
1155
795
1395
450
810
1335
825
1035
1350
420
1035
780
1125
495
1800
1005
1575
1230
1095
1170
750
1275
1335
750
690
1155
960
1035
825
1110
1440
1335
1530
960
930
1155
735
1620
510
795
870
1005
765
825
390
855
870
990
1260
765
795
1155
1455
765
1125
1590
510
1215
885
960
810
750
1650
1020
1035
1095
690
1035
480
915
855
525
510
585
870
735
435
1155
735
645
930
825
1665
615
1710
930
1125
2265
990
600
705
765
1080
1065
885
375
1395
810
330
765
1095
975
1140
960
1425
1410
375
465
1095
1605
900
1080
795
630
1215
780
1140
1260
840
1200
