885
720
795
1245
885
660
1110
555
795
1410
1305
930
675
585
900
915
1095
1020
2775
1155
420
480
1020
750
660
885
1305
630
1200
1440
660
1305
555
1245
825
840
1035
615
1230
1230
1635
930
750
1215
1170
1230
810
735
1185
1155
750
1260
1170
750
495
750
945
1350
1245
900
855
1230
1275
1305
1065
1245
1185
1110
915
465
1110
1290
510
1665
1245
975
525
630
615
1230
900
1155
1050
1065
510
1065
360
1125
1215
1245
1215
660
660
1020
1395
1035
600
975
1005
1080
405
1515
900
1050
1320
465
1005
1530
930
705
570
1485
825
1230
1215
1305
1065
1320
1335
915
1110
765
855
1245
1065
1125
495
675
780
285
825
1050
1500
915
1230
660
1155
840
1125
810
885
1125
1275
795
870
720
1125
525
1110
735
510
1320
960
585
1275
975
915
735
1365
975
555
945
660
675
1095
675
345
2175
915
825
675
1020
1755
795
1200
1530
1080
750
690
1005
1155
495
1005
1185
1080
510
1020
1185
540
840
630
930
1230
1485
1185
585
570
1005
765
720
840
375
975
840
690
465
1245
1365
750
540
705
480
1485
450
1155
735
1230
1185
1305
930
315
900
1020
1170
1095
585
1275
1095
720
540
1200
975
780
420
1080
1110
945
1050
840
870
1365
1020
465
750
900
1065
1050
1050
345
825
1005
660
405
930
825
1185
960
1275
990
525
1110
1005
1110
1035
1215
495
1320
495
900
435
990
1005
840
510
1185
495
1200
960
1050
735
1170
1455
780
1185
960
615
1290
1080
1065
645
1305
1080
630
855
1290
1005
735
540
1185
810
930
480
795
735
1170
870
945
1215
1155
285
1350
630
645
345
735
750
915
270
1050
360
870
825
1290
645
1035
780
840
630
885
1215
1485
990
975
960
1005
1320
570
975
945
840
870
825
645
1125
1530
885
675
960
1005
945
1080
975
1245
1140
885
840
1035
945
960
1035
840
690
1275
945
885
780
810
1065
900
465
630
1125
615
1635
1290
765
1005
2100
660
1125
1275
750
1245
855
945
1155
1365
420
750
870
1095
1500
1575
660
690
675
495
1200
1590
870
1260
675
405
825
1110
1185
570
630
1125
990
1380
1410
915
855
1395
1005
480
885
1110
975
1245
615
585
1155
690
915
855
840
945
420
495
1050
975
405
840
1005
990
855
810
1005
630
585
1065
930
1410
720
675
810
1260
1335
690
1170
1110
810
2235
1125
900
525
405
915
1185
840
1305
975
1365
690
1530
795
1020
840
975
750
1035
960
1035
690
705
390
780
345
870
1125
885
645
600
1575
795
675
1065
705
1830
720
1170
885
705
930
600
855
600
1200
825
750
1815
1200
825
1050
915
1215
1590
810
720
660
900
1410
630
870
855
420
1200
465
510
1020
1140
1020
945
1185
1155
765
870
930
1185
705
1275
885
885
1110
1050
930
1275
585
360
960
660
615
495
390
780
1020
645
1305
915
1020
840
825
615
990
1050
915
960
930
1470
1035
1305
855
915
765
900
375
450
330
750
1215
615
705
675
1050
825
810
765
915
765
1455
1035
1320
990
1125
1380
825
945
570
870
975
585
990
1140
1200
1350
900
900
1140
1005
960
1050
1440
1050
1230
510
750
1485
1065
360
960
675
1095
645
945
555
975
1200
690
915
1005
1035
750
450
450
585
990
1605
690
1200
1125
555
555
795
555
675
900
990
1380
495
945
720
840
840
1110
1140
765
810
765
795
570
1035
720
870
615
1290
915
630
915
1020
315
1590
795
795
630
795
1470
435
1230
1605
870
1125
1455
1065
1140
1050
930
1230
1170
675
1035
1110
840
690
450
705
1020
765
975
1095
900
735
1395
1110
885
690
1125
405
555
1275
1440
1215
840
1065
1005
720
585
675
840
765
1140
630
585
840
540
990
1680
360
720
1185
1005
1830
1170
1020
1005
960
1290
660
1230
1065
1110
1020
1020
1410
840
1155
990
1290
1125
840
645
930
1170
1095
1095
825
780
870
1080
885
390
885
1080
1290
555
675
810
870
1050
1590
885
600
1395
1020
750
735
585
1440
810
1095
465
1170
1440
720
870
1215
420
1350
1380
1170
885
1095
1455
1035
825
750
765
585
990
1245
750
885
780
585
615
720
870
630
1365
495
1050
960
1290
780
1230
360
1005
645
930
630
945
1185
1080
1110
510
390
615
525
900
1020
1125
1155
855
1170
630
990
1320
930
795
1080
315
1350
1140
795
840
1155
600
780
1320
930
750
600
540
810
690
1140
1365
1095
765
690
1185
1005
900
765
915
735
870
1545
1380
840
855
825
465
750
1020
690
1005
420
450
840
855
1215
540
615
480
735
960
420
570
855
600
945
825
1215
990
1110
1155
750
735
1125
1665
735
1200
390
1530
1260
915
855
1140
345
1635
1080
600
855
645
990
1035
675
765
750
765
1020
1545
1095
960
915
1560
930
1305
600
1230
885
1410
645
1005
825
1050
300
840
1590
1140
1140
540
705
1065
600
810
735
960
780
1020
915
1425
960
915
1035
1455
540
1185
570
1410
810
1260
1080
300
930
885
1245
750
1755
360
570
1290
390
555
870
1395
435
1245
1500
765
1455
885
570
1335
705
480
585
900
450
1155
525
1125
630
945
750
870
1215
1170
570
615
660
510
795
1110
645
885
1440
1095
