176
1945
4596
2892
1334
6314
3393
535
1290
2240
2571
801
136
5290
679
1574
580
3250
2656
208
4403
12268
908
1040
817
8831
2626
5949
5238
6998
275
9012
6022
1687
503
196
3246
1121
1680
288
467
1420
2071
1126
4503
1115
1400
3311
1251
2237
583
1344
4160
2756
35
983
2830
4310
2306
55
1663
862
584
6464
3093
542
2676
3387
5314
1133
157
790
3345
1056
19595
636
151
2928
1411
6546
2406
4616
733
380
1715
711
1625
447
761
221
3407
917
1243
7437
1459
4371
1367
2043
678
82
13749
938
6409
6194
2349
113
2031
723
2656
10779
8877
540
2908
1476
2057
2130
321
255
1995
1705
8488
12008
2370
3856
2555
1249
1807
5000
334
5149
3489
2397
12347
693
3043
253
566
18324
1713
618
2111
2433
3441
1160
7510
2961
2229
395
433
161
2575
3058
1151
6042
938
1074
799
729
3059
525
187
5855
631
8498
836
1876
1548
3745
681
784
379
1441
2640
412
3137
1205
123
1941
1528
4383
1216
426
519
2020
90
6871
602
1384
856
1027
4553
668
2257
489
1246
1409
3754
2133
29
709
2450
785
3452
729
2073
130
3237
3701
1393
5442
184
14751
13432
4896
528
204
2498
3226
1642
657
959
6365
824
810
3938
5163
855
5164
2243
5763
9138
2484
6588
2336
2309
4883
266
1671
192
2295
51
609
2601
5750
5936
2257
1034
6693
3140
2208
1949
3960
9362
11837
830
350
1060
23075
4671
631
2642
7141
81
4624
1257
3184
166
565
893
1364
388
803
5356
14087
1684
14724
2636
101
1558
1443
72
3949
2379
1066
2474
2920
2605
1405
5810
6888
5677
2225
1329
1323
4002
1376
743
70
465
3064
3714
4841
2211
541
1239
4951
4116
2934
5274
720
8935
1283
832
2745
1299
770
1080
6056
2288
81
42
2177
1274
5473
6769
4779
10233
5110
988
3460
618
2365
1782
2514
434
903
835
4930
346
3253
1355
1806
3988
267
205
4221
1281
3942
1634
10239
4711
11021
397
1307
275
2329
550
1008
5119
464
4255
4072
3506
14
1705
4878
835
4346
2016
1348
2409
1247
823
1585
4426
1191
3022
5179
388
1950
438
764
6232
809
2303
2218
13652
9975
1029
3249
1018
376
979
1179
960
4246
408
2555
2864
846
2668
1681
1766
4122
2892
2968
7862
1676
2663
1393
3339
6200
309
1316
603
7285
8416
1914
2661
1195
942
4694
5991
441
4862
9255
7369
1408
6576
1148
6260
1024
1523
5093
598
301
667
242
1913
3759
3653
701
1590
4094
5464
6602
2998
4074
8501
2288
93
618
2293
7670
1746
2995
8553
1470
891
9887
1930
4284
291
4349
2152
1292
2803
1706
403
582
152
3568
1273
2939
6891
2015
6045
26248
3364
1247
879
158
992
584
1773
17953
430
1977
8637
509
4751
3422
4439
1143
4221
305
5857
2672
10902
2886
834
5025
918
5358
756
1733
83
903
6155
3079
2947
860
2238
498
1020
5504
3560
6754
800
931
152
4374
3535
5293
6468
3214
269
953
1995
6107
1620
1004
2694
1011
2305
14506
6276
2005
9496
2962
376
558
2136
1749
6336
3772
4934
1283
1753
4760
11238
2681
1197
3658
1509
591
1630
5359
1805
2586
1135
9497
3982
2189
1392
3203
4951
1912
194
3013
4154
6079
1932
4340
2880
570
6035
6116
274
4038
158
5855
1304
7464
4476
3706
2424
2541
390
645
6789
4339
1199
2996
820
3709
363
1550
1945
203
621
550
9517
8838
8037
80
4565
5538
1741
4678
1564
3391
3153
395
1116
272
1154
1010
2296
2368
1216
422
1297
1320
2360
2012
561
2810
146
872
3905
9710
1995
3143
2048
2370
534
3231
2530
596
346
866
275
1876
3117
2321
866
208
1069
4055
9584
5741
4254
778
1428
360
1214
2500
6260
7680
1448
14455
300
2764
2716
1794
842
2968
3440
494
357
305
3406
638
65
9580
157
1654
3234
164
4411
5258
2336
688
595
6947
5521
636
588
2058
849
654
309
531
1205
457
345
2052
1589
8832
1504
6296
2332
5679
1039
997
980
696
72
2848
6954
510
1577
23554
1322
955
444
5490
411
539
2396
478
5370
2663
2513
2822
3934
127
285
6387
3109
2556
2308
82
14
1614
1869
8522
1092
8830
1369
910
3285
4556
93
4851
6723
3344
2405
418
2007
1730
1787
3461
8190
2462
1937
2924
1435
13188
1682
905
3527
7055
4896
7330
2891
1098
602
2187
5702
550
593
4436
7791
1690
1422
7835
1293
1674
1844
270
10444
4972
2403
5157
1470
3637
2135
3425
3899
1562
688
776
761
3934
1737
3017
3770
5616
3185
3752
9981
5274
3406
4139
4074
2899
2030
3165
3558
3317
1590
1261
5313
407
7849
2427
161
274
3113
1131
6912
547
3908
7629
1219
1024
8632
1648
522
1993
3124
4630
1499
3260
1852
66
488
3820
3305
2598
3012
294
1003
6425
146
5986
1774
2177
2749
10038
276
2444
3647
3691
2985
2816
2610
1065
7838
4781
2342
1513
981
2594
2464
1908
530
696
310
3078
4003
5456
3875
1239
571
2580
110
8158
76
3219
2159
2953
5606
7626
4002
1493
789
151
792
443
6883
6517
3645
987
1027
549
10328
1600
1536
1458
784
11527
464
2090
9861
3284
8729
308
275
9973
2586
865
2316
3948
5406
2121
1830
2600
2782
5084
245
6082
1170
5571
791
4195
86
4217
5328
2116
542
1307
323
1267
8796
634
2669
811
2094
3297
911
7269
1124
962
5012
1496
3099
1495
1341
348
4947
2438
1224
986
918
4006
374
1870
621
1412
553
7675
1401
1947
1634
299
3405
1494
2989
519
1368
1675
2030
339
2514
723
329
390
2448
3203
883
5034
10272
1159
1724
6649
521
5189
5734
556
1885
1734
2038
5131
592
78
9886
2554
674
3888
1358
5570
1310
463
1312
2861
2906
10872
3360
1975
146
1428
5241
4615
1644
4564
2594
4317
2440
2020
1147
1770
3827
1711
1604
1995
887
2400
33
854
1120
359
5180
4227
2863
1143
640
2925
1316
276
1411
1241
1141
4340
7176
4146
684
2790
1676
93
4286
6246
1211
9394
516
1265
5602
80
2949
517
2148
1310
929
1154
1482
6363
308
2248
2761
1677
2700
3340
2204
1797
473
633
1312
3861
3944
1073
316
345
2751
2588
2830
564
2324
1999
1277
813
2822
1667
1368
10412
1144
1845
801
2085
7797
1823
1586
2030
514
884
1427
3296
608
2166
4470
416
1457
13045
871
7200
959
1417
1590
181
2858
386
1046
1857
7828
122
3304
9154
10895
8760
5749
1492
111
1272
1320
3295
1529
3865
3240
8644
4572
5606
166
2046
1418
1662
4404
2347
1585
642
613
2024
7132
3333
2752
9542
11266
5503
1005
2558
190
4861
1874
3175
1692
634
2435
249
4329
6683
776
7923
7062
509
5407
5640
833
3883
9432
695
5932
938
5229
4031
1517
2063
65
4036
4619
11173
980
4794
11413
7467
6132
2004
647
1196
12066
5360
1964
1111
2458
5
1131
97
19
6702
195
2508
4869
3238
2357
310
1121
951
1639
1499
4314
10369
2966
2620
1848
359
5217
51
2749
1303
590
5731
1068
4094
2538
296
270
6176
1156
1205
1883
1495
1547
4244
555
2146
5196
7559
3449
1813
5790
2515
2305
3042
1278
1178
1619
62
833
444
1031
2174
7524
4908
1219
2245
1698
1550
122
5801
3036
1974
3562
7131
628
6226
6837
1151
356
1304
509
276
4316
2674
4166
2378
1347
432
6846
3515
998
1005
239
13423
156
2237
327
16420
2772
8435
3497
1502
11101
9690
3473
527
5055
304
735
799
772
2136
22458
433
372
1146
646
94
1023
7523
2086
4146
413
5282
7647
20846
659
8571
743
5048
5668
4098
287
5824
3190
6362
1939
124
1354
3463
6691
497
1989
12258
7026
513
520
1793
1036
1549
6478
139
3091
3251
688
2327
1802
947
5624
2174
198
549
2163
2713
1737
1141
689
13175
4924
633
783
523
2470
444
1086
4555
452
3073
374
1527
5401
590
735
4844
250
3690
1399
7883
4960
3965
261
3562
868
3372
2918
6687
2077
6063
319
3514
1847
3922
1405
3469
8055
140
1080
82
2340
1503
5093
8062
319
5235
979
3737
2006
4228
5839
79
416
1863
1050
5776
383
2264
2114
2470
9620
2886
1161
10522
46
1436
9138
1390
2216
1796
4823
6555
4099
1871
895
680
1476
199
4077
1191
4495
5063
1172
391
549
1718
16014
3496
1287
136
3757
5189
657
6017
4233
970
1352
9545
2928
616
1446
4028
5977
103
1652
2153
1168
3202
4753
3395
327
4288
1471
1250
302
856
3261
6046
1273
1540
176
3252
492
11154
391
2419
1197
1126
9902
355
2222
6695
3935
5752
3901
4200
6196
675
2832
213
2666
528
6123
794
4938
99
13195
3313
3987
2431
602
2852
2590
262
493
3716
1140
2416
1662
421
3068
621
1081
3324
5695
2429
170
1026
3956
10956
4177
560
551
1086
566
8999
3601
154
766
300
2995
561
67
706
1410
5291
351
6403
163
435
1550
7500
279
3197
2066
3140
65
1758
441
2277
1118
576
2581
3265
4550
270
276
488
770
5983
1693
853
4166
148
400
702
2359
9148
2286
589
1704
3108
379
94
1315
768
2430
7189
83
3889
1119
5516
2972
12869
1396
681
4119
1030
1891
2582
5536
4618
3172
940
73
287
552
2587
2799
2119
3242
4070
472
4369
288
3779
13838
1138
93
1174
580
2067
894
930
2250
1169
2898
255
4070
5308
1068
99
894
5602
4863
1471
4970
1826
310
2322
2521
2702
2764
550
1198
3352
1221
4237
2441
2063
317
1992
4069
776
206
2121
2037
526
609
2024
495
1290
4401
3914
2184
1877
1666
761
602
636
2381
7581
35
1378
5857
2551
1025
1759
100
139
1021
3847
1741
3116
4544
3482
1550
2497
5321
9551
1757
5637
1401
10479
6469
808
384
6487
4792
2962
2681
5717
1537
4374
2878
764
1526
503
3792
4042
1506
2420
236
1121
837
3246
3380
615
6207
958
2239
5439
464
535
1973
712
5563
634
2410
66
275
475
326
2445
1201
1209
234
5149
1019
7588
1320
1477
7104
2747
8671
73
833
2358
4530
186
3790
604
2622
405
8682
4475
319
1899
302
247
1112
1825
2835
6610
2379
672
2039
454
1985
617
1287
10758
6577
419
515
1623
8914
273
5609
6269
40
242
55
1406
1092
1385
2665
3032
360
1796
748
3107
1773
678
3773
1244
4109
637
278
7995
1635
6799
2669
1707
881
990
1268
2657
726
3759
796
9012
7127
4879
2008
2226
1890
439
306
1023
2064
4337
859
1962
8893
2780
1610
3351
2528
598
3619
1674
4647
3835
358
464
3606
1575
159
21527
406
4306
464
3723
3219
1150
6402
1621
2699
4994
4019
4581
3783
438
246
1726
217
2024
2974
1227
1630
1515
1613
3037
2415
355
248
36
4381
4833
4104
3
4331
2941
3922
2859
1024
4134
237
4880
1842
1218
6743
3392
2306
416
2272
7187
170
434
2961
257
1676
6583
607
6566
1666
393
2036
655
3249
5578
1050
841
1560
33
193
917
7325
10684
717
3332
640
1520
342
1558
1389
1066
171
2155
713
2654
3519
4937
9868
2721
1445
695
5134
7862
5465
1608
1992
1057
4377
2505
4203
1405
3277
5041
2087
14853
447
1239
2080
3330
5553
1770
3344
1462
1477
11164
931
4162
613
8250
5866
3097
1768
9739
5049
738
668
4705
11572
1303
3145
1166
857
1444
676
164
449
2104
944
9758
1680
196
2037
1795
1829
2042
2728
1905
5997
12138
3807
3078
473
7820
990
8039
651
6740
