60
3405
1350
3405
150
7110
2325
11940
600
360
60
9555
4590
1470
2970
30
3165
60
105
1650
1230
75
165
855
1230
10245
3930
45
16980
75
540
3300
14640
90
4680
2130
405
75
6225
8955
3795
3345
4740
2655
8970
5295
2865
5970
2265
975
2205
2775
90
1710
4500
105
6285
6555
14670
30
60
75
105
105
3060
15
915
1665
30
1140
90
1410
2535
75
3090
2670
9210
1965
705
45
90
6090
12795
390
45
105
2115
5910
2550
14025
45
1575
5115
3255
5505
60
45
12690
975
5565
2490
90
60
3840
90
4905
5415
5085
1980
2940
6045
5550
30
525
915
1200
480
795
2925
1725
2310
3570
45
480
510
90
450
4050
75
105
90
330
90
4095
105
3165
3060
2850
11175
7290
900
465
5955
105
2130
75
45
630
60
3795
3855
15
1245
1215
1125
60
3795
2400
3165
945
855
1725
1500
765
2505
4185
6615
3120
1785
2910
2505
1890
600
2490
4680
30
4845
1875
585
4320
4305
6810
2385
2115
4545
2790
75
1515
90
1680
10515
7320
5130
15
45
6735
1500
75
7125
10200
1320
3585
15
60
2235
2685
1440
525
3435
105
105
1830
105
510
45
5580
2520
75
1290
4590
210
90
6870
1740
90
75
4155
45
1125
3795
4050
4560
2130
4755
4680
12720
555
2835
390
4620
45
1095
90
75
1800
2715
12810
780
1065
6270
60
5925
1740
1920
1920
420
2010
6360
15
60
60
2775
4275
15
1920
4020
60
7500
2370
1710
3135
1500
2280
3570
840
645
300
3510
885
780
6585
105
60
4515
3855
4035
3975
60
2325
2640
510
3105
2040
4650
9165
2100
90
9405
1185
300
420
75
1800
165
2025
4380
720
1170
1725
5760
9495
2205
1320
2325
825
3300
10485
2865
210
975
975
8490
3120
22275
1740
1545
5205
330
4485
225
285
6570
1425
630
3660
90
555
1095
5610
120
1005
9180
105
7245
60
810
1875
1605
105
645
2475
2700
2220
5010
9120
10590
60
15
465
60
2490
15
8745
4305
5730
105
3045
4065
60
3735
900
6855
45
180
1035
2250
480
3435
165
75
75
30
1710
75
13800
1695
2160
1200
105
4275
90
945
75
105
3105
2115
705
60
60
4470
240
15
6300
75
6270
8565
90
285
105
1215
9225
225
1485
8700
1215
5145
60
6870
4320
4005
8820
3675
1515
45
630
8850
9120
780
3990
990
165
930
1080
4170
105
4425
9735
2280
90
11880
12705
105
795
105
2625
4560
2040
420
3315
1155
2640
720
15
1335
5145
8250
1425
45
645
105
8760
2070
7875
1095
2445
9930
105
9585
8115
4695
6600
540
7230
6570
3765
720
90
4950
4155
5685
105
75
75
5790
5025
750
105
2415
45
1140
570
555
5745
15315
30
3180
75
150
36585
7110
180
2790
30
4335
2655
540
3150
690
90
2730
3765
3075
1515
675
4080
675
1320
8115
3780
9855
315
15
90
255
6285
90
6720
105
6075
3780
420
240
6375
90
615
480
90
15
2805
4830
3765
855
2850
3375
90
2505
2835
900
1905
2850
975
4020
30
60
2535
3990
2820
11235
3930
345
3210
1245
90
990
270
3885
16185
1740
2355
540
585
405
11715
4875
45
11550
30
4215
1575
1140
7650
3585
120
5835
4935
870
1575
6825
255
180
465
225
1605
60
540
16710
5070
16320
4560
4875
3420
60
3540
90
7920
2700
3090
8490
1230
1695
390
2925
225
3465
540
2655
3885
105
8640
4350
10710
2160
90
24255
2700
1560
2355
1440
5115
3135
360
1485
225
8970
1830
3990
105
30
4530
15
6495
810
3300
6735
75
90
1635
4080
1170
9255
5445
855
945
90
345
105
1650
15
3375
2835
780
60
600
20550
4410
60
5685
2205
75
3975
810
1470
840
75
45
2715
4230
13080
3075
3180
22635
7875
225
360
585
13800
7020
1695
5085
60
1740
735
3570
8130
2880
15555
2670
810
1500
2025
90
105
60
5280
12300
6645
7290
1770
90
1755
1830
5340
1200
2070
330
1410
2265
7290
5685
8490
1545
7365
1035
1890
5790
2340
75
5595
3660
105
75
855
17880
3285
6180
2325
2325
1470
90
330
975
2565
2505
8415
45
330
30
105
1410
14430
2145
3825
375
105
720
4200
45
5580
1905
11610
195
45
15
2490
60
495
3840
90
60
1875
690
90
2535
90
5115
5550
75
12000
1155
4005
2310
4230
1035
6345
3090
90
1605
6420
30
360
2355
4110
13005
1245
1350
1515
1800
1395
45
60
2430
5055
4590
60
6900
3660
660
165
2760
3870
75
2205
3960
570
1290
3960
3015
240
7515
5895
1455
570
75
150
30
1230
450
105
600
1500
60
30
5985
1335
3165
6765
3450
3165
2745
6630
840
2205
240
10155
45
60
5085
90
4065
6915
60
45
45
90
10875
945
2040
8625
450
15
6510
13020
4485
3075
4455
2955
3540
3360
585
4125
1305
5355
795
45
15
5910
315
19080
1065
8040
30
3210
8235
105
1305
3690
4515
1230
10725
6315
75
30
8625
4785
15
495
15705
3150
2070
90
1305
495
1740
4155
2145
255
2880
30
1395
9645
15
180
90
4425
960
45
1515
3510
60
8115
315
60
45
4650
885
1605
105
3885
3090
90
1155
195
1545
4455
750
510
17160
30
4155
11220
3075
5565
645
45
2175
5565
675
105
720
15
3390
150
4980
6735
1215
1335
60
870
5130
10515
2220
1650
1425
645
660
150
5025
75
8235
4890
9930
2070
6885
3420
75
6615
75
3000
615
1620
60
6345
165
10635
825
30
2175
4710
60
7740
3105
705
3045
2295
6315
3390
1080
1605
75
30
