3630
60
60
2550
5115
2280
60
60
2790
825
45
60
8640
6375
60
60
1110
60
60
780
1380
3975
60
435
60
10755
60
3465
645
1425
60
60
585
7830
60
11055
45
75
3375
60
60
7650
60
4365
60
45
4170
8055
60
60
3600
75
60
60
6675
2325
3105
60
4635
8835
60
2085
60
60
6840
6060
60
60
840
60
60
1425
3150
225
4305
4485
1530
60
60
60
60
6390
60
375
60
3060
135
60
3390
60
60
480
300
7845
75
405
60
1815
3660
60
2085
555
3390
75
1980
60
1395
2295
60
5745
60
60
60
7275
60
60
4245
4125
6840
705
60
60
60
1605
60
825
3285
60
4305
60
4770
195
60
75
255
3420
5040
5265
60
2985
60
60
2505
45
1155
60
6435
75
1395
2400
5415
1395
75
4140
495
4950
60
870
3405
1500
9915
4590
945
60
1035
14430
45
45
60
75
3660
6675
60
60
390
75
45
75
5460
5985
60
60
60
60
9105
45
45
10935
5655
45
6270
450
60
1305
60
60
2010
585
3135
570
105
825
60
2565
60
60
13590
2940
60
2115
45
75
450
60
1605
60
4635
5385
45
6420
60
60
60
3930
210
1260
3135
8055
945
105
60
5895
60
2805
165
1620
75
45
1410
45
60
60
1320
930
1080
75
6165
1365
60
3930
60
75
60
60
6090
3270
75
60
60
1590
60
60
4545
60
60
60
60
7620
75
3435
2925
1230
60
75
1275
3375
2415
1185
11295
3180
60
240
1935
4440
1170
60
60
60
60
1155
7440
45
2325
60
1005
1950
1275
60
120
1215
345
975
60
3600
11625
60
60
375
4860
60
195
1860
60
1245
6420
1845
6570
6945
60
60
60
1140
390
2865
2520
3300
60
60
45
3720
60
60
75
1695
60
2580
1230
420
60
60
3390
60
4635
120
60
60
300
60
60
75
45
60
420
2820
2280
2370
1800
915
90
60
60
60
1470
1095
3465
2145
120
930
60
2625
60
45
225
1005
7110
60
1515
60
3090
285
60
60
60
2220
915
60
11820
645
60
45
9780
45
2550
4290
60
1635
2715
45
60
45
165
45
2010
1095
1935
2700
2805
975
1395
60
60
7035
180
150
7245
6375
1275
195
270
60
60
6660
435
945
495
1875
270
1830
3315
3825
45
11385
10605
60
1005
60
1065
405
60
60
2595
60
6495
60
1980
3540
1605
60
300
60
60
60
60
2355
990
1245
1260
45
60
855
60
5430
10065
5850
255
345
4845
1200
375
3000
60
9420
570
5775
1275
60
4965
75
435
2895
2565
8970
270
2055
3960
1050
5010
1050
3315
60
5370
60
60
375
13845
60
1890
2550
1575
60
60
60
1665
4200
4350
1680
4290
3510
60
10935
60
11160
3015
4665
60
60
10245
765
60
465
405
3855
720
3090
7620
1575
2670
60
3435
75
2295
6435
60
60
210
1215
1440
14715
60
60
4155
5835
60
60
60
60
1395
1500
4965
1020
60
60
60
60
60
60
1710
60
60
60
60
2430
3570
405
5205
1230
60
3675
870
1950
3630
4740
13395
6240
705
1995
14205
2880
60
60
8640
2055
6735
75
14565
6900
45
60
9945
1170
60
60
1770
390
9030
4710
60
1725
420
2640
2880
660
8550
3090
22755
105
9810
2025
75
11625
525
75
2970
1320
60
60
60
3990
435
60
1725
75
60
45
2850
3495
45
3135
60
300
60
3435
60
45
45
4035
60
885
60
13680
3210
2385
60
60
3645
3540
10230
60
5295
6780
45
330
3240
60
5595
1170
975
2895
6630
60
1860
60
3870
960
60
750
2790
2655
60
60
2805
4770
60
60
60
1125
1275
8625
60
2370
60
60
2910
1485
555
3840
60
5595
60
3000
1965
855
2805
60
45
75
5130
2745
45
1860
60
60
3375
60
450
60
5280
195
60
60
840
60
2310
7500
1560
60
10035
3405
60
45
21915
60
10590
900
60
60
240
1170
60
6000
4920
3030
60
6555
60
2685
525
60
60
45
3615
825
45
60
45
1830
180
60
2265
45
60
60
1185
45
600
7890
690
2550
60
45
1755
1110
60
2745
60
5610
10515
60
2085
1095
17955
75
555
3915
60
60
450
60
45
2130
45
3210
255
210
60
3330
450
60
1110
945
6255
1935
2760
930
24810
600
6660
5820
45
1185
105
16470
7695
60
60
60
6780
7065
2895
1440
16065
7110
45
315
45
585
60
60
4335
60
1890
1470
45
60
60
735
360
3855
7770
195
2895
1530
60
3210
60
60
6735
120
3330
8160
60
45
45
780
1560
60
60
2325
60
60
45
60
2970
60
60
3555
960
5325
750
5835
3855
7860
900
3495
195
4980
2655
60
2430
60
4515
6255
5715
60
3705
3015
1020
60
1035
330
2010
5010
60
3615
60
60
2355
255
525
600
13665
45
60
6540
75
3105
60
3390
75
75
75
975
5175
4095
315
60
60
75
60
45
60
14910
945
1680
855
3735
3930
60
4845
2475
5610
45
1995
9465
2070
2655
60
3375
4980
1500
60
6825
1065
60
4395
705
2565
5640
60
14175
75
1170
60
825
2475
3255
5445
60
1395
2160
7770
60
285
45
7920
3795
60
690
2430
1425
300
60
2640
60
17910
60
10095
3585
4185
12960
2400
945
105
4170
45
645
3390
60
75
7065
4185
60
4440
8940
3135
45
6615
2535
135
60
60
60
12585
60
690
60
60
75
1305
75
