3088
3389
293
4105
4373
668
1231
2819
54
2764
270
4277
3336
7941
1758
4218
559
2925
3173
1539
56
4808
3013
46
2919
3725
2372
102
4975
11166
6566
117
3096
6360
6893
2372
1081
5390
1149
1167
7890
11834
4932
515
8215
3547
1006
5724
8640
2270
454
2091
50
3299
2520
3485
326
2095
4588
6604
564
11348
1315
4637
3277
9532
6810
3349
1058
4292
488
3859
3739
2841
3299
2832
1568
4715
1484
1200
3608
8053
14219
1056
2725
6153
8384
562
2543
2527
2573
228
677
2978
5835
1403
622
774
1175
147
1618
985
1731
4013
257
6929
1235
419
52
637
2732
2098
929
205
6855
9326
1737
6528
3391
4599
3376
4230
6183
2540
1984
1943
9853
6971
2434
3780
3332
48
5307
8823
249
5680
4168
7344
4550
2162
5698
1604
3104
834
3354
544
3629
6609
4950
16784
2150
3537
3149
672
3990
1790
2076
297
126
6027
1458
5264
4719
2299
613
1531
2027
4217
6005
344
7798
4909
615
64
1360
8369
2098
1109
789
136
2150
6106
234
3986
2449
800
3340
5065
1102
2936
6491
540
5408
2705
996
5501
3693
8080
482
2379
57
2345
5768
2687
7150
2851
1878
2426
1022
1561
56
1423
4549
4088
9467
1869
2422
3436
1725
5631
2287
1152
3336
2461
2489
6183
6170
1467
5516
5294
146
3441
4479
851
560
2163
2009
3990
7915
311
543
4921
907
1781
1627
2846
4944
8401
3619
5097
597
21391
1333
1581
1302
3939
5937
2668
9307
3464
934
100
4346
278
4069
1281
2537
8829
5138
938
970
2188
1691
1029
5175
6179
5565
404
10427
2098
1566
355
52
438
1451
1552
1538
7112
1287
1305
511
11710
486
10589
1906
717
651
6486
2342
1478
9449
174
1259
693
2028
646
401
3985
54
634
1125
3531
2411
1885
316
521
301
2441
7193
3807
1210
2037
1934
1377
553
6076
319
6978
4667
7690
1143
700
3435
4182
246
6206
1176
168
3321
2479
1733
1224
1334
392
3802
710
2503
3276
2129
1151
1677
3209
1892
462
161
1428
545
405
786
823
7593
1330
786
3676
277
4192
8507
102
2912
2543
554
319
212
5880
3284
327
968
995
91
5872
2556
200
591
414
718
1159
97
3178
2661
180
98
2430
229
6655
4645
1473
7275
3553
627
1620
3288
9953
2184
61
12871
7459
2173
1912
1134
1854
7433
9782
7621
2756
104
1339
1494
267
1843
1438
246
1052
1652
1030
925
1282
3178
782
867
628
3346
2134
1268
4247
2527
1975
3227
5747
1547
13653
5277
2770
1475
8768
467
2690
1709
812
3775
5792
6878
113
1235
1393
2103
2147
3815
231
635
2271
2800
1642
1891
259
829
1111
6489
1564
4161
1336
494
1456
145
9144
2520
1585
2758
2480
226
4083
4908
1301
9546
2364
101
1982
1152
295
1685
7292
4771
1778
2761
15607
88
799
8816
1532
1009
1782
5968
655
4039
614
628
2128
4733
1786
8996
216
415
1997
519
6959
140
3406
1070
5315
745
3889
1903
2273
1181
1495
1054
2710
1152
2107
2128
2456
1309
1392
2504
1658
141
1359
433
2958
86
406
3101
8405
1321
183
292
607
2055
8947
4398
2394
2779
2659
3145
500
941
1023
887
2789
5349
10817
3756
650
3186
3046
2716
4813
574
3932
1082
1681
380
1711
1241
3115
3981
3943
1645
4161
4349
2193
1549
2561
7033
849
775
7650
2716
5378
1332
902
1710
2010
3403
4597
1184
933
1965
712
6018
3765
1771
1114
2291
1264
1408
1515
925
2671
1840
625
3602
2013
918
1718
3884
1353
61
4908
4617
57
446
1018
2133
635
2805
1267
2359
2634
2219
1752
56
3014
3856
6044
2939
7689
3344
667
3289
5066
5621
2404
1764
3492
45
9238
903
3122
1332
2657
428
2141
4129
3409
631
177
995
5308
2027
54
975
3280
1284
663
381
4795
1513
9785
1427
3024
2891
362
2767
2206
1948
1837
1233
1563
5511
4749
3860
3824
4838
257
527
3775
3230
1405
1586
3324
1122
2075
61
3903
3913
790
165
136
1519
706
3333
8522
1254
3182
1130
1933
2015
2663
4358
267
1246
1451
1735
554
1678
1135
6859
4802
782
534
1672
700
2363
520
1890
2911
4880
2100
5360
1793
1577
611
1080
1404
3862
5803
3084
2932
10801
1254
2871
2974
80
1496
837
6761
146
7963
2512
4490
5512
3855
1513
2724
490
1951
2428
1120
1898
4377
722
14172
2457
337
1852
490
1695
285
832
546
1882
9830
3300
413
1085
3795
7850
7166
48
1157
1228
6397
4845
1717
477
4716
3545
15997
5101
1825
418
541
1804
1713
1107
764
344
580
1779
1599
12882
934
1137
3885
1285
838
6764
1002
3214
2775
277
1138
635
2123
4004
4848
1029
427
48
4929
865
66
138
1467
1769
1327
465
3017
837
822
151
2154
4011
11205
399
5856
1984
2824
5266
2278
565
6142
2337
1263
311
205
1602
4504
1374
2781
3392
4139
397
1472
4766
831
157
4958
3441
5084
1857
5375
4121
961
5541
3728
2206
1136
5532
56
3521
1024
1374
724
165
6472
7638
3670
5119
1257
345
2477
3132
2771
935
2560
2921
677
371
14730
856
2964
1262
639
4191
6690
1214
241
528
354
527
115
5182
836
3046
924
4015
11162
3399
389
679
1754
807
6026
1143
5302
1238
1750
3251
52
5795
286
544
1677
9238
1616
2144
2458
1642
7107
1611
2845
6687
6732
6170
3347
1461
2846
516
5452
6858
1637
2979
2831
97
817
552
97
3329
488
877
2482
174
1783
973
6541
1800
7655
1069
14502
787
4981
1721
5209
3864
1032
2855
4084
1795
162
13015
616
399
738
1438
2554
411
2411
636
682
406
2925
1649
6260
2451
2565
1660
12401
7269
94
1847
821
2006
3032
2968
1954
364
1094
2926
7524
14189
857
2370
8038
376
747
1434
477
1351
4957
4485
1260
1775
4997
884
195
4939
1048
5537
1373
10896
9355
3990
5165
1744
3787
3157
11407
1353
298
2646
4351
921
62
198
2449
4273
2673
7582
2777
1418
3675
2600
1866
3008
668
531
5630
4354
8511
2671
1947
4533
2511
4184
1339
1278
2101
2541
116
474
274
1814
5053
1510
5092
548
1544
1484
10832
2498
3459
3084
169
81
233
5595
341
5123
6845
1167
13812
1059
189
2876
5373
538
168
5089
6518
514
121
1620
1609
5283
214
716
1901
7592
4748
2708
1435
4666
1002
995
3851
1139
4504
3803
8143
1235
3029
5091
981
8538
368
2254
162
1784
2947
366
3279
216
2535
1903
896
5851
158
2937
323
10108
5302
1818
254
5198
5996
2982
407
1142
3566
1770
2005
300
4803
1138
1555
1684
2436
411
198
1218
127
885
2829
3160
3549
3296
1424
2160
4783
3105
2957
8678
336
6401
1768
1809
7909
252
10835
356
3717
1130
3979
1943
4519
688
1214
3464
1670
8288
4743
583
5581
9093
3012
3851
2703
2137
2164
2968
1169
10629
3977
42
6058
1801
1615
1949
4087
997
66
1150
14259
8807
351
864
877
2807
3977
1680
153
3891
2391
488
6124
403
1539
979
2001
1893
54
1140
6231
2997
1136
1717
49
1298
2218
727
602
1053
3197
5754
3680
1071
10089
5045
1109
754
58
1982
53
2101
4013
5048
104
5580
46
938
7344
1853
3445
6295
5520
3039
59
534
2055
196
525
7971
7074
259
682
6066
835
150
709
552
507
2980
3304
3063
1366
9129
796
1471
6237
2015
365
697
8110
7925
266
828
836
599
991
1060
1332
128
1459
1672
637
2168
4611
2066
1574
1021
16408
750
1390
674
2874
591
3556
2418
4435
873
4776
9484
3687
2514
2057
1139
5921
2535
4874
152
2504
10770
1336
11343
9519
11114
6615
599
63
423
3759
2904
3306
2448
1738
1381
4270
1553
675
1374
1434
1676
6460
1155
3518
404
6335
2003
2264
840
498
5827
25003
2213
7848
471
1524
1877
5905
309
3640
218
6533
723
1649
1823
4877
708
2591
2030
361
255
1286
2468
764
472
1117
3514
3197
4618
3598
11281
15102
1678
1116
3394
339
1721
720
314
1136
62
364
16888
417
1853
1473
706
1430
2254
3565
7213
8720
1584
729
313
4791
4263
1673
2148
1387
53
1537
2399
8099
291
1093
6452
115
1298
2116
103
185
1396
3922
688
177
3575
1916
4904
5675
884
2535
769
5156
146
7491
1004
121
5881
127
1192
635
1480
4708
3255
4390
701
349
135
998
15158
1767
2925
2662
335
10558
60
3352
3273
3067
2097
6670
2828
4090
1725
1299
6268
1315
841
1424
293
718
3090
4271
436
659
4267
7549
5509
2859
2662
166
845
3508
1835
1424
1609
1045
670
249
1215
6468
1346
5281
5310
227
1258
944
1539
4148
277
169
89
3247
5333
1329
1871
1484
2335
6976
1916
5567
637
2031
53
1166
2139
1099
1431
4407
1210
1336
954
944
3357
1880
3612
93
268
2425
1227
1656
4041
9557
5291
1388
48
4867
1359
3797
5404
992
1379
393
240
12077
337
5742
4503
2037
917
1692
565
3623
8420
2782
2523
1048
230
2838
2772
6287
688
6360
619
2298
3140
8432
978
1555
6285
9149
2913
4275
1712
1828
1105
1424
933
2157
583
1657
421
1449
2159
2156
1168
2402
5583
260
2872
3709
343
2357
2670
6319
378
20429
6610
283
451
1870
621
1121
4611
2681
1801
175
5125
1607
160
1816
1262
503
90
2222
2600
2922
310
210
104
5121
2137
3439
4727
52
1536
1281
2906
4675
136
1695
4732
10944
108
1133
8157
1919
2100
396
53
6081
1805
6200
1078
1836
641
232
6054
1070
5076
4321
1063
111
1542
391
3153
856
392
3155
1891
1400
10148
1002
2561
3193
1229
1350
696
3822
3839
737
2486
201
2127
2975
840
4494
4462
5757
8957
12563
114
4568
3103
634
4885
1786
911
542
8197
3697
2268
183
2762
7909
5924
167
1157
426
3332
5023
2670
282
2143
11312
2946
1400
2309
3644
5150
5673
5417
1864
723
225
3327
3320
144
2390
517
9767
988
6606
1078
14629
1627
1509
8703
4232
370
2253
1548
176
57
843
6188
9777
1004
1997
3206
6315
7400
15301
870
1926
1054
1630
3991
1858
576
3431
2866
2558
3374
11896
6230
1448
4178
1687
2917
11071
2185
1114
1254
246
526
6202
284
262
259
5129
1900
2830
4803
162
10921
7823
6839
11694
7464
6498
1066
2647
5126
388
1198
174
334
4453
596
4159
1671
5789
40
5340
937
1332
1424
1709
54
3699
267
1244
1617
3687
2934
185
656
12068
211
4551
5692
6747
3408
1244
1084
3384
2153
2941
3358
286
1157
272
4400
4810
1364
2512
117
1390
988
1378
2247
571
4265
1052
3589
649
2574
3977
3074
5215
2341
11992
1949
1262
1707
3253
1672
232
332
4889
4010
176
7414
7475
5271
2676
2127
63
3699
14688
5620
3426
2677
3312
1644
1090
6001
2693
1260
3221
6024
1075
1279
871
2001
5373
1681
6756
5172
2353
5306
4181
4886
1387
1418
10699
2173
634
198
5038
2200
15891
2346
8292
2027
106
6228
289
501
2906
415
993
1617
2078
178
2643
798
10091
2616
2730
2704
4800
1766
943
4479
14147
5493
976
1362
370
507
510
532
2720
3142
622
265
491
157
3548
225
229
8332
1532
5152
4668
1522
653
1693
2808
4443
4047
764
1853
10925
1086
879
297
12277
801
161
1736
254
536
9931
310
1399
8288
914
4883
967
3704
1282
1705
5793
5636
5614
930
55
263
1002
1495
56
1528
587
6219
1847
1964
2554
2445
5053
970
1868
5906
2289
2903
1382
7936
1660
522
4905
3487
539
883
187
5560
