26143325
52742095
26143325
10694313
26143325
28391529
26143325
362366
26143325
5606696
26143325
12235382
26143325
6476930
26143325
33376620
26143325
4219662
26143325
15688407
26143325
12146482
26143325
5692973
26143325
48985100
26143325
18495117
26143325
10331632
26143325
12023259
26143325
41193871
26143325
736013
26143325
33985112
26143325
4236507
26143325
1222285
26143325
17315419
26143325
19649109
26143325
41280402
26143325
4330057
26143325
2008441
26143325
394689
26143325
6356573
26143325
176619
26143325
13434422
26143325
13741997
26143325
2011283
26143325
8041723
26143325
5467706
26143325
10638936
26143325
736750
26143325
4143833
26143325
7470942
26143325
9556009
26143325
21731345
26143325
8077143
26143325
15536829
26143325
40898476
26143325
26497907
26143325
24083375
26143325
736722
26143325
2025253
26143325
23084672
26143325
11022657
26143325
514653
26143325
1619331
26143325
13351726
26143325
2047329
26143325
15878611
26143325
10771456
26143325
2012573
26143325
25848761
26143325
20145815
26143325
14645393
26143325
12679608
26143325
1985890
26143325
2868153
26143325
16131580
26143325
28386902
26143325
8097497
26143325
992382
26143325
815795
26143325
17468982
26143325
33861609
26143325
3669604
26143325
551247
26143325
18460960
26143325
18895985
26143325
14429828
26143325
597191
26143325
11594883
26143325
617415
26143325
6530185
26143325
747402
26143325
16311860
26143325
10559151
26143325
735087
26143325
2286793
26143325
4021175
26143325
56468211
26143325
9135067
26143325
560138
26143325
11414709
26143325
33680843
26143325
2235894
26143325
8110514
26143325
4233490
26143325
22416773
26143325
21009390
26143325
3450606
26143325
13383813
26143325
599731
26143325
10636722
26143325
9920538
26143325
12669117
26143325
25966618
26143325
449634
26143325
7116172
26143325
7208815
26143325
1076200
26143325
5507150
26143325
42455278
26143325
6314329
26143325
881771
26143325
1366598
26143325
11407306
26143325
46864923
26143325
17670322
26143325
15522708
26143325
31018943
26143325
8183834
26143325
18633962
26143325
1787468
26143325
16500129
26143325
16496990
26143325
46932107
26143325
47198743
26143325
8727396
26143325
41321
26143325
542800
26143325
866041
26143325
27438536
26143325
2656090
26143325
26936356
26143325
1484957
26143325
54361001
26143325
435945
26143325
803654
26143325
13359893
26143325
21766737
26143325
394282
26143325
8440348
26143325
7242257
26143325
26972512
26143325
943403
26143325
5518489
26143325
13857837
26143325
13687862
26143325
1358276
26143325
27795434
26143325
6377727
26143325
6623741
26143325
5130848
26143325
6073534
26143325
9406834
26143325
5672352
26143325
57161797
26143325
31661495
26143325
40872362
26143325
23096530
26143325
46565205
26143325
491084
26143325
498960
26143325
1996442
26143325
10299979
26143325
21450130
26143325
41161647
26143325
13866649
26143325
2008832
26143325
471212
26143325
7110874
26143325
41348358
26143325
6141656
26143325
10739793
26143325
4882931
26143325
32005726
26143325
3092162
26143325
29890925
26143325
545005
26143325
534194
26143325
4484334
26143325
10488995
26143325
32047486
26143325
6539514
26143325
31978262
26143325
31599381
26143325
24128386
26143325
3529939
26143325
2015699
26143325
13949013
26143325
3266393
26143325
507593
26143325
31939996
26143325
8263957
26143325
2877277
26143325
4370177
26143325
486406
26143325
21455994
26143325
770027
26143325
22634060
26143325
7258822
26143325
10798476
26143325
7415897
26143325
1014826
26143325
11253302
26143325
14998245
26143325
22565912
26143325
10856915
26143325
573836
26143325
10659677
26143325
590551
26143325
895737
26143325
3651077
26143325
938336
26143325
545363
26143325
24979501
26143325
10552274
26143325
20946510
26143325
1097647
26143325
25970631
26143325
28610467
26143325
16196239
26143325
41609917
26143325
15802904
26143325
6637476
26143325
1168789
26143325
5919718
26143325
632805
26143325
502268
26143325
12797031
26143325
24974
26143325
23603081
26143325
485345
26143325
15203926
26143325
18932879
26143325
5699743
26143325
590007
26143325
5546288
26143325
2978004
26143325
10704716
26143325
13741212
26143325
4867342
26143325
5705150
26143325
822818
26143325
11595384
26143325
932856
26143325
2017160
26143325
27096392
26143325
9444790
26143325
31228710
26143325
5659766
26143325
9904915
26143325
4934464
26143325
36763197
26143325
1762574
26143325
974909
26143325
3452264
26143325
985706
26143325
7108297
26143325
31251904
26143325
54007194
26143325
26063809
26143325
14692764
26143325
10563073
26143325
13739369
26143325
9701250
26143325
13338608
26143325
814836
26143325
14476085
26143325
8621275
26143325
864357
26143325
18046355
26143325
19918650
26143325
1704604
26143325
73413869
26143325
1456583
26143325
618639
26143325
3123206
26143325
38755475
26143325
3684086
26143325
12199952
26143325
211879
26143325
23875212
26143325
10403862
26143325
2020596
26143325
3454883
26143325
1466466
26143325
2766944
26143325
6198460
26143325
28075368
26143325
10565167
26143325
7354672
26143325
4367956
26143325
16968490
26143325
506066
26143325
13374999
26143325
5204389
26143325
1953765
26143325
21424403
26143325
629243
26143325
10950284
26143325
10236997
26143325
3166610
26143325
20763331
26143325
1368046
26143325
57203638
26143325
9426232
26143325
4613754
26143325
1371172
26143325
15131889
26143325
52489064
26143325
876813
26143325
41661702
26143325
26309967
26143325
4317339
26143325
7225374
26143325
134146
26143325
2026094
26143325
37969656
26143325
21000279
26143325
19658422
26143325
2034282
26143325
413781
26143325
2011621
26143325
154420
26143325
21281667
26143325
2442146
26143325
982856
26143325
10506602
26143325
8191758
26143325
826967
26143325
1804073
26143325
10251314
26143325
9357308
26143325
10529579
26143325
5691366
26143325
503851
26143325
5560613
26143325
462468
26143325
18134295
26143325
2880683
