660
2505
1290
1215
1110
1050
1260
600
690
1200
465
810
1035
1005
990
720
675
750
1005
1425
2010
1245
1215
1050
1470
1245
1305
705
1470
1155
870
1380
840
345
990
465
1005
585
1275
975
960
1140
1245
1590
930
1230
1260
285
1050
1095
1155
1215
945
1080
1890
795
600
525
1680
1050
990
810
1170
480
1260
1230
900
990
585
1470
735
1110
825
1065
1020
540
1785
780
1440
1575
765
825
810
540
705
1050
735
660
1635
960
1350
795
765
1305
810
1050
945
1080
615
660
690
675
675
870
840
1020
840
765
615
1350
780
855
675
600
765
1005
1095
1005
1140
1155
330
735
780
1860
555
810
900
1170
765
615
795
600
645
1455
675
1800
705
1365
660
690
855
1635
720
525
720
1245
930
930
930
1530
1005
1050
600
420
345
1815
600
960
675
1245
735
675
975
855
960
975
1050
735
795
1335
1185
570
645
1320
1590
1125
540
750
915
1515
1140
990
1905
1065
1275
1245
750
1065
990
600
1410
1020
960
885
960
1545
945
870
1590
405
1095
1335
675
1020
1080
1020
375
990
585
930
870
915
2040
1485
1620
1185
870
1350
1005
855
765
900
720
660
705
1800
600
1005
870
480
960
960
540
285
855
645
870
1185
870
975
735
1305
705
1200
1050
855
300
885
1080
810
1110
1020
570
675
1185
1290
690
720
720
945
510
675
1095
810
255
825
1020
870
990
765
840
1350
1020
1080
990
720
765
1275
1245
915
705
630
1875
915
975
795
765
1050
690
1050
1410
870
1335
1185
750
660
1005
1305
885
1035
1380
810
1515
870
1110
840
690
735
480
1140
795
1080
1230
735
480
1005
435
420
1020
795
900
1230
1575
660
930
825
915
1020
900
1710
840
825
1395
570
1050
945
720
1170
435
645
1365
1080
405
750
840
735
855
810
855
1680
1170
345
1395
975
1845
1200
1305
525
915
960
825
750
615
930
1155
1005
855
690
1440
870
705
645
915
1110
765
1350
1125
975
855
720
975
285
765
1410
645
735
1185
525
750
870
675
795
1275
810
690
435
1140
915
945
930
1215
735
975
1275
720
630
1260
1170
540
1455
1080
1470
510
1020
1155
900
1140
645
1260
975
990
1635
1230
585
1320
525
1230
1245
975
1200
1320
900
375
930
645
1110
570
1200
465
1275
1260
885
705
1320
615
1515
1290
1350
1410
1080
1125
735
705
900
1095
435
1005
645
1515
1065
1395
1035
600
1200
1245
900
1275
1065
795
1230
975
1005
1380
1050
1500
1230
1170
1215
1485
1425
930
585
765
1305
750
915
915
1080
1020
930
825
705
945
495
645
480
1200
900
1215
1110
1005
330
870
750
825
855
1305
840
1170
780
345
540
345
1020
720
870
780
795
750
990
1140
1020
660
600
795
735
825
465
1380
870
1530
1170
855
705
1050
1140
750
630
630
1275
930
1275
1455
450
975
1260
795
810
630
1110
1275
1020
1305
285
810
915
690
450
945
1365
750
1035
1005
1065
1335
885
1095
1455
405
915
1035
855
765
780
945
855
1080
1275
765
810
855
1065
540
1260
1080
1170
870
315
690
285
765
690
570
1140
1230
570
945
1080
315
885
1020
1005
975
750
885
705
1125
570
930
285
570
405
1500
840
1275
1080
1185
1365
1065
1035
630
735
1035
1155
855
1200
1260
645
645
1005
1110
780
360
525
480
630
900
2100
1335
1245
900
840
915
390
990
1425
690
1065
1485
240
1110
915
1005
855
990
1020
870
825
1530
750
480
570
1185
1080
870
960
480
735
960
435
705
945
1035
1605
600
390
870
840
480
1065
1095
810
870
405
525
795
1260
1005
1020
1515
330
675
465
930
810
1635
960
1050
555
555
840
720
1350
825
1530
930
1020
510
1050
1260
930
855
1245
1125
1155
1380
525
1470
810
1035
1050
1035
1215
630
1260
1260
945
960
645
585
690
300
735
1035
1485
1110
1215
705
840
1425
645
1410
1500
615
300
1095
1260
585
570
780
975
870
510
1650
675
1065
810
1155
1620
570
645
885
1275
990
1080
645
1170
675
660
900
675
1215
1215
900
1305
945
915
1305
570
585
1380
555
885
660
990
840
1455
1005
660
840
990
1380
1575
915
930
1185
810
975
900
1155
690
495
720
1170
540
795
1590
900
930
1170
1185
1020
705
1035
720
720
1410
810
540
615
1290
495
1320
840
840
780
660
840
735
1215
1110
1320
795
555
1380
915
1410
1005
2115
1335
1110
1080
1005
900
570
615
825
870
480
1410
900
975
1050
720
1050
1095
825
945
405
1095
945
840
690
1590
1005
855
645
570
975
975
1245
1350
540
975
1170
1020
1170
810
1395
1035
1215
585
570
585
1185
435
615
570
705
615
990
720
915
1050
420
1260
1065
975
960
600
405
1260
495
1470
630
1065
765
690
1215
930
1020
840
870
1125
690
330
915
1155
1425
1065
975
1005
930
450
1245
1320
675
990
1110
1095
1425
555
1470
1440
1185
810
660
1125
555
1305
825
1005
765
975
675
1425
1185
735
1035
930
420
1080
1170
1005
1365
660
870
1290
870
1395
990
780
900
1380
345
945
1050
900
1215
630
615
1245
1395
480
1155
1200
735
915
345
780
1245
915
630
585
1125
585
1440
480
990
1365
1290
930
1500
270
435
1110
1110
630
1260
705
