9068
12
4745
2193
1333
3766
1346
2144
754
856
1544
5043
789
256
2876
2567
903
1604
1040
2163
97
5455
10755
778
767
1844
6391
3422
1465
4144
1231
2107
2239
5770
5969
223
6358
1332
881
7630
3375
3629
2147
668
976
6324
393
10152
612
9912
198
6605
1193
2450
5728
3728
2301
1826
2775
1785
57
7228
1822
146
1518
2212
3005
15607
766
4300
181
5046
1498
5493
1311
4395
640
4055
1102
4392
502
3763
812
2258
4365
956
447
1083
212
381
4356
4509
4926
412
930
2442
7413
368
1947
8531
7561
876
5254
75
2821
9816
2457
5284
899
964
420
1197
1977
49
92
4325
3606
2675
349
3962
1762
1446
3113
6304
3876
698
264
793
1876
106
4739
5863
8017
3392
746
2482
2153
2736
1256
11842
1174
144
392
1450
3220
17558
393
1805
1899
610
1686
3939
4796
5755
6673
1954
561
2666
4153
7084
6790
7051
8627
46
1148
3911
77
2557
285
1554
2555
1532
3259
5451
182
237
175
1460
3273
550
2931
942
3157
1738
2599
625
3128
7952
3081
464
2459
1525
1751
1820
5649
3773
1342
810
360
3867
2855
841
3957
1696
10453
586
1458
6861
2652
814
4868
5987
4881
1165
2114
965
477
6415
1368
510
84
3514
413
965
13875
4664
1202
627
3359
1218
3121
1093
1628
2883
1385
11133
794
77
276
353
620
3764
1051
4626
3213
1095
2858
1549
523
6414
5537
4134
304
458
4016
2174
906
1613
2285
2536
837
588
67
7739
3312
2264
863
5528
4953
1009
1547
480
140
2591
764
6610
5303
2469
3061
1578
242
3194
2796
1710
6087
1527
2280
2228
1087
1548
3834
5087
945
2644
2512
1899
1618
1311
743
10718
3231
1342
6640
5541
3634
2097
224
674
705
2056
904
4022
320
8682
3513
7536
682
6104
3939
858
97
1445
4810
1985
415
14659
1188
7475
458
8547
228
2612
660
3882
1249
1438
2614
236
5225
3029
2941
1651
4521
719
1547
574
3366
5205
2358
1339
2549
191
1251
4438
949
363
7559
1405
6516
1024
1741
3343
7342
1285
695
1183
616
2159
3461
4516
1422
1249
2456
2091
6282
1354
4124
372
91
10738
1833
3858
2540
736
430
3898
4461
4477
6213
1228
770
223
1049
3366
1825
6063
6023
9002
7618
5690
836
5225
2941
5692
288
418
940
1624
1739
3967
10486
5269
61
4460
98
9296
2775
6610
2708
1140
2184
1688
4673
8624
3752
8338
2996
967
1287
1822
2532
11381
3841
2405
5850
769
5553
1050
958
5864
990
6327
2448
3171
1201
2433
93
2209
225
1541
2150
7547
1061
461
690
2775
1537
11384
2059
8891
1271
328
372
1172
1295
3912
1871
5184
5909
1719
1107
1054
671
1114
589
3138
5350
2211
2989
2728
163
9860
1286
1572
109
8007
6598
3326
3589
6456
1999
449
920
2643
2064
446
273
5972
230
4924
1542
1067
457
7014
3785
300
1409
759
508
1641
2567
5528
601
3015
3649
5464
1434
1438
1999
1350
521
3561
1782
5871
2604
213
2204
1051
2691
6953
2321
3423
3191
8592
37
2672
4495
1595
542
4064
3477
7881
124
977
4452
2918
5770
153
4883
785
1416
2290
1243
2090
6858
6888
6191
968
6635
6421
8437
945
1287
893
6424
364
4479
7511
1587
1814
5819
823
895
4960
3041
449
1493
959
7693
81
1270
7898
1584
3506
6928
2207
8950
1925
5520
1974
5734
1893
454
4513
29
258
3634
1481
299
5753
4047
4971
3626
919
337
2741
3470
4241
3872
1526
8650
1904
1132
1898
9159
2970
2158
185
429
1535
520
129
1285
3822
2205
3410
919
1252
4684
427
84
5251
5481
2338
831
1864
4160
3186
1896
4458
2500
4123
737
99
277
4600
1052
2571
1625
3815
3141
719
3899
7607
1815
3266
1739
1032
312
4499
2270
5237
2875
817
2901
5730
3749
2601
3773
3432
2550
1192
869
5056
2043
5719
429
684
3783
699
3332
3448
4462
1019
1991
1643
91
791
591
3953
8118
916
7580
1142
640
8
10943
1474
1556
2650
2815
4089
2666
1904
491
8901
112
228
261
2704
4318
5133
4035
398
5420
1817
68
184
199
776
2960
3928
350
2420
3017
5119
446
786
926
255
313
8976
659
1073
4049
1912
3969
3395
2401
2950
859
2004
173
3662
7080
1479
1800
123
3221
15918
983
3727
4799
1843
210
2275
3289
5566
2384
4207
793
7933
4130
2838
220
161
2158
6504
161
1365
989
5734
1055
375
4754
2123
186
342
1821
2604
1843
2252
399
195
4463
13623
5823
19
468
46
9265
1526
2072
962
694
1479
4262
182
160
4659
442
4467
9440
3131
12773
527
1808
1419
5498
3923
1625
428
3284
1200
3139
347
9983
124
10797
1345
1495
773
3647
6897
2235
831
4516
10755
741
3027
767
7943
1789
400
562
7189
932
846
3951
383
7405
2085
884
884
2348
3278
449
2636
716
5620
2413
4916
606
3599
1774
1020
824
2771
1185
9714
1455
5507
4710
10904
8477
1639
2994
1451
5472
910
2790
11846
6173
1560
633
1857
3079
1947
3498
568
421
266
2028
3695
3239
8102
8347
1787
130
9710
1771
3944
8706
7992
200
938
2118
705
2431
1081
1679
1674
839
407
523
1523
11804
768
2963
2711
7095
2245
2963
7090
83
1328
1965
2911
198
1792
3972
5119
1673
12732
11797
15746
326
3052
258
12930
1046
1230
5230
3734
1500
1799
3797
11153
2293
7713
9565
2922
2823
6303
4206
1407
258
5758
908
2575
3772
4417
2036
4492
1880
1495
3178
1683
853
628
2669
3364
10969
7912
9266
700
410
3209
2535
1236
441
10489
8164
1468
1249
477
781
6330
1131
1681
3024
3738
1724
2069
1837
543
421
3045
2752
932
93
2219
4958
3924
14470
305
2294
1736
1754
2805
6515
4697
3036
911
510
4932
1864
334
395
2392
5057
608
3222
10473
864
2480
1099
1522
1313
5639
190
7433
2071
1237
7063
885
40
1006
1398
904
8142
434
171
14736
1404
5103
3925
1912
1207
168
3487
3071
3436
2067
2328
670
5688
1943
8509
3343
576
5518
1079
2065
9556
3342
706
7949
455
480
557
1468
336
2446
1818
1938
2685
18082
7006
4059
4491
799
860
1032
515
1114
324
2405
355
1873
80
1249
5583
4873
1194
116
4992
5978
5122
4101
4765
14731
124
136
14050
3401
1097
398
6035
5888
3365
337
4190
6273
1109
6095
210
2773
2564
994
969
2218
3763
7132
7148
152
4850
1675
4032
1784
2621
444
5355
598
665
1967
2343
7453
1840
13220
1043
1026
3436
2155
2576
302
818
420
859
2661
1659
1597
1559
817
3768
1049
2005
7126
2948
2624
3113
2972
1060
816
264
2956
2828
1785
1619
3284
1927
739
613
5426
482
1804
566
1700
248
5703
5469
1883
1923
3864
1431
758
3141
2016
4983
7920
215
5186
893
2855
162
591
1700
4443
642
86
854
2683
2235
2245
4139
842
1424
518
7147
3202
386
1354
6621
195
7792
5086
507
1549
2882
6283
20200
3679
92
977
3168
7570
7449
4974
3687
7079
1496
941
1657
2000
8652
5215
5143
3322
459
6912
1163
893
6972
2157
896
10192
953
2471
1314
260
878
2644
2164
3879
50
301
1400
2633
5524
4470
5243
101
1927
3917
2232
129
276
248
3114
911
6948
3881
1923
1758
1711
2218
2449
5824
772
6494
269
699
3115
106
212
1867
11239
3631
511
1760
3706
4040
5214
603
4643
11253
2334
2770
511
1509
284
3101
331
3407
106
2675
4079
884
3808
902
1585
1293
851
1044
322
5273
7437
7517
1177
6440
2710
1885
1105
816
2129
3655
1977
3498
6365
5772
1563
2158
1183
2879
3362
3866
151
5190
1641
3801
13065
3100
5844
4137
6062
6562
6265
4392
6374
4392
399
1091
4536
880
2101
1668
1252
13202
491
1633
459
2168
121
2106
156
231
2460
5319
1332
3400
655
41
401
233
4055
2316
3321
5319
3396
2045
715
5202
521
10399
5024
428
264
8478
1068
95
1579
1156
2295
6764
3165
3219
1737
325
5693
818
109
1610
257
2151
2581
2803
4187
1289
4127
1567
973
7464
1900
810
3354
4664
775
5158
1656
784
661
18066
5949
2012
2534
1614
2295
4089
3589
2180
5532
1472
3586
1602
418
3472
1407
1525
3526
258
1344
1971
206
5667
993
14965
2197
1140
769
3362
4758
2881
1108
2155
426
808
1191
5936
349
5766
774
3524
664
319
4385
4248
2097
1593
3701
462
1182
1714
134
363
6509
734
1583
1530
509
1852
1372
2092
1007
1493
1957
2565
4396
1567
1993
488
4339
939
394
4184
1823
3729
592
7751
969
4839
7740
3582
1762
3091
6655
205
3223
966
297
244
5848
372
5245
662
944
10099
4239
610
10709
17076
9067
1728
1377
9423
3247
4303
1828
5683
1301
6175
1342
3073
409
1294
1300
2889
1548
2714
1228
1348
1804
4669
1491
747
13354
2736
278
459
3576
1848
4182
2487
344
3926
2028
3063
258
128
3956
869
2307
651
2926
855
1082
631
2164
694
4663
1472
1324
819
387
1676
3284
2743
718
763
1421
3294
78
4791
710
8428
948
2009
1916
2706
4146
741
2037
4248
4843
288
961
955
372
6118
5856
3261
4169
1192
898
299
1928
545
3649
1707
486
7350
812
3750
1819
1102
975
2112
3077
4244
473
920
1155
779
12315
3964
1634
170
2413
374
983
1630
849
11834
2518
1740
1439
2374
9177
2727
7102
424
300
1477
4306
3133
1256
6598
806
5102
6601
2636
1121
1629
1310
582
1707
4407
1442
1725
8364
788
439
3267
35
6402
14330
9735
3203
8029
3920
538
1330
3658
3028
5184
2763
534
54
879
305
294
5258
1021
2195
7198
6143
843
1078
2226
14394
1293
630
1599
982
2262
4045
156
165
2625
655
630
2304
104
979
9763
11543
3899
849
3704
71
2131
853
1603
3007
3309
2909
327
648
2664
2275
2394
2447
1722
506
1372
3317
1460
985
2080
2024
423
4243
2106
397
6244
1276
1290
3913
79
11389
1151
1413
290
69
4121
123
1940
2067
4225
518
4701
2236
1474
1289
7313
1185
724
547
13025
150
3119
2312
3949
5662
2422
56
1342
98
1057
3876
1574
2862
5778
4053
575
697
394
1565
477
1407
5502
3626
10710
5879
5719
2525
390
2449
726
1845
371
541
1488
1641
2903
4813
2924
3086
1556
1817
1929
1947
6601
2647
2840
1207
246
1530
969
9471
2071
956
4292
3944
1591
5984
2385
3593
2285
4073
4836
6997
4204
9223
5008
2168
3539
460
2319
99
4098
4600
484
2789
87
956
1351
1414
10448
3551
460
2099
3133
2093
1197
3196
111
2442
6745
171
1102
3545
4600
1853
2690
432
2981
190
210
1466
5000
708
2271
2104
916
1819
794
2304
3444
3100
4589
1949
3765
4011
3420
1195
2968
1968
1888
2815
758
2781
2635
6890
447
2124
1798
589
1072
81
2144
3320
382
768
3627
2017
4305
3151
1195
1641
636
6612
1607
982
47
161
3829
3008
10586
2369
4327
907
5182
76
2818
2594
307
6509
4257
1234
8807
3263
1096
782
2435
175
3209
4204
4540
1077
189
2979
2176
7833
400
501
3977
902
120
1349
1299
2781
667
224
7605
4159
9067
317
5560
1643
2426
1137
2744
2471
941
2600
1182
722
3364
4148
3561
3101
8307
2524
9113
638
3580
1384
1971
5699
1391
1416
1458
3062
3209
300
4263
1154
9001
296
7980
774
8153
4620
3606
1204
314
4831
4654
1340
2090
1009
4017
5633
668
3312
462
1752
1416
354
6634
368
2579
393
13417
278
1643
5151
14918
4923
1548
