555
7350
75
2430
105
1620
90
1275
30
2625
390
75
315
6285
75
3120
5685
1575
465
210
2580
105
90
2175
6555
765
2595
2340
1710
1680
5820
75
2265
8160
16230
300
90
105
1350
75
60
45
2160
1920
5190
14370
60
7695
585
6555
360
2235
45
105
2655
6285
2160
585
1170
2595
60
135
5220
8655
15
2370
8430
3480
4500
4395
5610
1155
1365
6015
3030
1050
315
1245
1275
3090
30
1335
75
1620
75
75
3720
105
1155
3435
6795
825
1230
2010
3180
1455
3255
2355
60
120
8055
15690
525
1440
1665
360
375
360
7725
105
3285
1050
1305
6765
2970
60
6180
9165
30
6480
8685
690
165
5535
1470
2265
645
2325
2235
3960
90
3345
6120
3525
885
1020
6510
180
435
90
330
585
3015
1500
1080
5100
75
660
7860
3855
75
750
8340
3135
6690
2535
4155
3600
75
4380
4200
4275
1110
5910
3705
1515
8685
8610
4140
30
45
4080
1155
3915
15
690
90
60
8145
750
2220
10065
960
10560
60
105
45
720
3285
165
4965
14055
2160
3750
540
2415
990
1365
90
270
105
6075
2460
45
5250
1140
510
4260
15
225
30
1065
2055
9690
1650
5085
7245
60
210
90
1080
4260
1365
13755
1755
945
90
8505
3255
2340
780
8580
795
4380
360
1485
1635
60
3165
45
4620
1200
9495
2760
780
12225
105
30
840
75
2220
3240
2550
405
1440
5055
750
1155
45
6780
4125
3510
990
12120
1275
5535
3600
4860
2805
13335
2055
60
795
300
2205
825
75
1515
2175
1365
6120
1035
930
7020
8700
6240
1605
9315
75
4890
30
300
5565
60
5790
2910
5535
105
6555
4140
2115
60
75
16890
60
75
1845
960
105
2385
105
105
11835
1590
2670
1560
6960
45
2400
6690
555
75
675
105
30
2325
60
150
6375
45
525
5100
435
5820
1740
75
6810
2550
5370
15
4080
90
3735
16260
1125
1350
2580
105
795
90
9465
30
5250
5400
1680
1590
75
4305
5250
495
75
4245
1530
1410
4950
2145
90
525
5910
435
90
75
2520
105
1275
1485
14580
4185
4500
75
2430
45
90
75
1500
915
1110
3525
75
2265
1950
2220
1425
705
60
4755
1620
7875
1035
3390
45
3240
7020
2475
9795
1050
3510
5520
3330
1680
825
5760
465
3480
90
45
975
3180
60
4920
10110
30
2970
11355
4590
75
75
3975
8010
7890
11040
75
1995
990
7260
1080
90
15
4470
1830
75
2715
60
6675
5685
4725
3540
6210
3975
1260
1710
2445
75
75
2700
90
390
660
1545
405
2340
30
660
45
2355
3825
1245
6885
150
15825
6495
105
8640
3765
2100
705
1275
4440
780
345
3240
10110
75
2160
3300
1335
2400
2610
8880
45
45
4785
315
315
330
5085
105
75
5265
5010
3000
105
75
1200
2145
5610
105
1050
5460
8355
6690
30
105
1590
9750
2505
1830
4245
2700
2475
105
75
8730
150
1470
1875
90
4200
60
20070
3945
11520
2640
90
5430
60
4590
405
510
5730
6180
1260
1380
1740
60
1110
135
6930
4305
3720
1155
555
1560
3930
4890
15
3555
2340
135
6705
300
540
5685
525
15
615
4620
7755
3405
60
45
6930
2595
780
3930
1995
2610
3960
525
3345
12885
795
11850
885
1200
3885
2835
5325
15
1440
105
1620
810
645
2220
90
12360
7545
105
105
4140
7845
1965
75
2445
5190
105
13095
105
2385
3075
6480
75
1365
2040
6030
2745
2640
1395
11775
1155
1020
2850
75
45
2325
60
60
60
1995
4770
3435
4020
4545
45
270
4215
4230
12840
90
5760
615
2415
7800
75
2040
615
15
2145
315
2610
7920
1020
1275
1380
360
7590
3840
435
975
45
60
1350
3495
90
3090
45
60
13455
2250
10725
3120
3210
1890
3900
630
2805
90
5850
30
4515
9750
6690
30
8685
1140
630
4185
75
1035
3285
105
60
2115
1110
345
10395
1710
2625
6045
90
11025
3855
105
750
4275
2445
180
10725
4380
2685
105
105
225
7380
690
2460
5265
1425
3405
1365
690
12765
45
8205
1800
315
60
75
6705
8070
7470
435
1440
3030
795
2145
15
870
3105
1005
15
4950
6165
8040
1200
105
3165
3870
9135
8010
90
135
3870
2295
45
2970
5520
105
60
2745
4590
5130
90
3960
690
7815
105
840
405
630
7185
90
4845
270
2580
540
4500
4425
4035
45
75
1740
75
60
210
3960
330
2175
1575
210
150
840
2535
2145
17145
5070
90
105
2280
75
4185
5025
2400
1380
3960
60
1515
8385
4140
3030
1155
30
675
3660
90
1545
660
1455
180
4800
75
2280
6315
90
3345
90
795
1500
4995
75
45
1935
4020
6270
9000
45
825
225
5115
5340
4845
1470
7620
6945
9795
5310
105
75
60
795
3465
4950
6810
2310
1680
1455
60
90
1065
1260
705
1215
16800
7710
285
60
5400
300
2475
3375
45
1350
8220
6495
135
10305
3975
105
150
1275
615
60
615
30
975
315
3735
1320
2625
30
735
3240
2145
720
615
3810
2130
3030
1515
60
630
255
1230
495
1845
3300
105
5310
105
90
3630
3165
615
5130
2835
45
600
30
4335
900
5820
3585
3750
2910
3420
1305
90
1140
855
810
10560
6060
4620
4290
15
90
1995
240
1500
4425
105
75
5175
3180
4215
90
855
60
9240
6315
7305
75
2760
3015
690
3285
6660
45
1140
735
1590
5400
900
2625
690
450
585
5925
7800
30
1080
75
2880
6300
15
2610
1080
2265
9315
2625
2130
3195
1035
105
1755
855
420
30
4110
1110
840
435
105
105
8940
30
450
555
15525
